64296068
8467042
26595109
29105052
32451806
2471973
46356841
78436652
40685437
5026932
35982659
30451902
7500932
45047887
51097161
64293005
66521817
7653604
50263005
75837521
6388538
19026652
6059233
15391540
1323180
41536106
6243045
76672659
9734201
20734068
538253
54996841
26593354
70421539
35987583
15404415
19834191
29106348
1807887
75212682
50527761
20737500
36747583
71614068
42656059
75216833
75147667
75146106
6841973
18064201
53121817
33541706
40684504
932973
6042471
63483245
50266068
17067161
8423354
6388180
7653538
54374415
50151806
36746833
46353374
26825026
30056652
7761842
68332659
76537667
44155109
624604
41914635
75143674
24712073
60595437
58544265
35984201
26825052
1539842
19837500
64297843
41532910
5385109
61061323
5015846
76534265
58545499
20735437
9733674
51093354
15396068
3354538
2471846
18064415
54374265
15405312
17066429
3374253
6044153
32457500
53121902
62005015
78871983
253180
33747843
8461323
68332682
4635932
70426348
42656200
71615312
