35986348
45042073
7521604
1801706
76676068
50154415
77616388
61066348
42012682
6047500
70421706
75831817
2332471
41913354
2534265
2073842
6833180
4415253
68415109
1806973
32455499
63483674
40687843
8467761
30054153
50152682
58547887
2910932
8427514
15406833
1706233
30456652
75006068
13231806
60595015
61064191
62001902
4201846
61067667
7843624
2334504
5384191
46357042
3374180
26826068
7761932
5854538
19027887
62001983
24715052
41532659
76533045
63884415
78876841
41917583
41537500
53125052
26827521
18177667
15403005
30452910
2337761
6245499
19837843
50525109
15395312
71614068
32456200
18066059
75006833
17064201
6429233
35987843
68411323
54996106
932253
63883374
3045233
75143005
54991817
46354068
45047583
33541540
6068180
71613374
2536652
77613245
19025026
1817604
5109842
7583624
75213005
2337042
1805499
19837161
6244635
78871323
8421902
41914201
40684504
66525854
29104201
50261817
8425437
60596841
75146068
20733354
19027761
45046106
76673045
30054415
36745854
