6348253
20731983
6045499
17067583
6068233
44156833
63884153
63486200
26827653
75003674
17062910
18171540
24716388
33546059
4265846
8425854
1807514
2534635
51095437
9733374
54996429
36744504
78432073
77611706
41535026
26821983
78875052
9321323
75147042
68335026
2333674
66523374
60684635
18065854
50153245
41913245
19027653
8463005
76675312
6241817
4504842
41915015
70425499
1801539
6068604
9323598
5387761
7887253
1983846
50521540
2659624
30456429
44157514
68412682
75837161
75001539
50527042
75216200
76673598
30056106
29107521
77615854
54994504
78434201
51096059
53122659
40681902
62003045
60593045
68334504
42017583
2331983
78431806
13237521
61062910
2534153
33746348
2336200
30054191
18177887
40685312
75836841
15401806
180932
3374624
66526388
32452471
50266059
6041706
8423045
6244068
30056388
70426833
54997514
71612073
46357667
13236348
19027843
42017761
45043598
58542910
42015015
1817233
54372471
6841624
60687653
33545052
77616388
61061817
30454191
44157500
58543598
