60683598
70424504
51097521
5052180
18067667
9735015
68417761
66526106
54374201
932604
26597042
19027583
932233
78874191
7161253
30052073
18176833
6044415
30056841
75211806
5383245
66526348
2334068
1540846
1803005
61065015
30455854
26592910
4201842
40681540
2531706
68413045
33547500
15391323
75836059
44156106
41916200
63484201
78876106
26827843
7761233
7500538
75834635
40683374
60592682
68337761
76675854
61061902
9736200
42012471
18174153
17067653
45046388
9737887
24714191
32454153
60685312
71612682
33541817
1801540
5383045
4415233
1806624
68331983
33745052
50261539
66527161
8423245
26591806
76677500
51091706
6046429
46353598
36746841
20735499
5437932
42656388
42013045
50527514
8425499
75004635
78434504
29103354
51096068
13237161
846253
42657761
54991902
54371817
36745109
33547583
60687521
538233
846180
44151983
4265624
53127887
6429842
2534191
41534068
75006652
19022910
50155026
1983842
1806059
78437514
13232073
26821902
9324504
63487667
62003005
53123674
