.253973
.19833374
.54996652
.75831983
.2337514
.68331539
.41532073
.6200538
.76535499
.36743374
.2910624
.15401323
.63885052
.60597521
.8465312
.58546833
.75144191
.4635842
.54373598
.33744265
.64297161
.45042471
.20735312
.17067500
.50267843
.19833354
.50526068
.13236200
.70427161
.50264265
.36744153
.33744415
.46355437
.58545109
.3245932
.32455437
.76536388
.3005604
.53126429
.18172471
.8426652
.50155109
.54993005
.15395437
.6041323
.35986348
.7761604
.2537843
.8465854
.15407667
.6243245
.64295026
.75142910
.26822073
.71616200
.15391902
.70426652
.62004635
.3598253
.61062659
.7521846
.58541323
.45041706
.42014265
.60596429
.2659538
.19021817
.3045180
.30453674
.4504973
.75837887
.19831540
.1806846
.75215015
.29106068
.41537042
.63483354
.62001539
.41913674
.78874265
.53127521
.68412659
.1806973
.9324415
.6246833
.63887887
.24717042
.60597667
.17066348
.30456106
.40687653
.63887583
.68336841
.75146059
.20735026
.76675015
.63487653
.7843932
.77612659
.35985052
.29102682
.50156841
.233973
.2471538
.6241539
.76534153
.50523245
.63881806
.18174201
.41914068
.75006429
.35981540
